73835.09279755657189526
-16960.29853546927552088
94553.17015919127152301
82071.94236073162755929
-88004.66863913185079582
8300.72078039113694103
-38341.27796110068447888
-38980.27545331198780332
66294.86149470956297591
107313.99380018431111239
-51097.25611872477747966
107002.23844505583110731
-101176.55528033839073032
151764.44191773579223081
55989.31636525973590324
122.30705398861755384
2878.27077702543465421
101592.30195218489097897
97880.81648943608161062
-69110.75254422018770128
7917.38452911922104249
12119.48393724660309090
-106107.52924904532846995
59739.30242627070401795
-72456.89826969381829258
-42974.09814608171291184
-30346.60099528233331512
-36006.54505514366610441
-79691.02256740226584952
-14016.81104602639970835
16806.67684532898420002
95742.02690367960894946
72880.97136974820750766
-49397.86675869173632236
-53326.96602262630040059
-123966.47144981200108305
-5132.72459340597197297
19686.32353365158996894
48665.53564532098243944
-10101.52167415057192557
-24702.64340617377820308
-40094.29445880955609027
-13870.63260611699661240
140267.12083295581396669
-106820.57353050280653406
133726.94934111856855452
-46704.18045086555503076
14469.92318501486442983
-99394.44130656791094225
-148414.40390281780855730
-36810.29185404482996091
12146.24844073335043504
97082.95701726766128559
38225.85534318019927014
-29840.97954574082541512
15863.05982589049381204
-55305.37772377265355317
155865.89289725926937535
-54426.44240910955704749
-113175.45412842551013455
18712.31028454464103561
39832.50241447247390170
19530.03917202287993859
-12476.62717389168392401
-130030.85746542178094387
-6342.24001512018730864
50434.48595395436859690
-124369.72824291297001764
108232.33327744550479110
-43772.89149556042684708
4369.60266546234925045
43112.42376901262468891
-9054.54637809899577405
215095.44625012401957065
41817.19947380627854727
23961.02533376042265445
9187.64305042823252734
136032.02894146944163367
-46792.21560759702697396
-2624.91564967082740623
46431.55307781905867159
-226379.03969093161867931
-132083.43530860391911119
17910.43127065656881314
-33721.59635467609041370
122394.51448104315204546
148593.67029705992899835
-8548.84181103062292095
-28146.70273992858710699
-95741.78486191574484110
-95338.88591683097183704
169616.75557698425836861
613.72889464726176811
73014.65897031367057934
-109099.86831017764052376
-15072.91308845349703915
-809.49148658505509957
-9817.19782486524127307
-50480.91575022137112683
-78572.14851577032823116
-96682.72582668950781226
183494.12919567595236003
-137754.93423101585358381
-43061.88118573155952618
-9863.62918517781508854
102536.70991776380105875
42996.22781645908253267
34171.60067747153516393
22568.03046041366178542
-108987.33193072187714279
58321.17460519946325803
41460.92060022791702067
18223.49520853795911535
49813.47552600501512643
15257.99694273668137612
-133508.78616409914684482
75090.89451215666485950
-45903.96914593269320903
6822.80085378332296386
43681.60798432478622999
-44928.93990436308376957
-107797.49088813974231016
-10023.51920262122439453
-22405.58741627566632815
7132.28643703430134337
118755.03199104634404648
-47939.60567796038230881
55850.85211841105774511
102934.07082613158854656
-25763.06708647995401407
39387.69664979260414839
89053.54641849399195053
83627.21123034021002240
20261.71260962740780087
-105504.82031717838253826
-145072.76390111015643924
65737.06294060424261261
-30832.14207652145705651
156470.62648803018964827
-46790.62381029383686837
31018.97348446337855421
94683.27456592582166195
-30673.45119045439787442
-14144.97662499570287764
44850.68561019006301649
109350.85091907685273327
115843.60063254478154704
-174470.26264240295859054
62628.67709203549020458
-94774.68844170674856286
-14977.83518277321127243
-33605.49682981131627457
-37224.95882627287937794
107754.73882116073218640
-10664.88282554637044086
34271.43473518337123096
150583.37920489002135582
-96449.87077499763108790
62515.12384612378809834
-151281.30369704481563531
-19550.80314236521371640
-110320.80949123989557847
31133.23072440285613993
39481.26851507886749459
-107468.84175944325397722
-93794.81810440041590482
46622.68596205220092088
-9749.23743035804363899
93325.07672514501609839
-61916.68874402510118671
84911.20614856964675710
-9219.92310374969383702
11022.83745615159932640
22819.68409509929551859
-42123.15600147088116501
76852.94033134808705654
-113766.65044313488760963
52607.34037697048188420
104542.27925170346861705
-22752.25473262035666266
-11151.51090204596403055
153587.43716112521360628
9658.29683320798358181
53259.66911990347580286
84512.52232920342066791
16486.61556412617210299
43179.33579363180615474
-46251.00963365152711049
33430.80473309130320558
-10497.05822997417453735
-40227.78993163572158664
-19487.76639099368185271
-33182.27547435550513910
-30931.56739071499760030
62543.03051025887543801
79657.94309409781999420
-24600.85813323397451313
135813.98040910420240834
-73856.60228499044023920
30636.34414052162901498
-86929.26543795579345897
2579.45496228192496346
108372.16284284109133296
135967.25680637589539401
68655.05175947266980074
11001.34624536956107477
-120785.04678029504430015
19551.89095083034771960
41676.61968440002237912
-27962.17103962045803200
-80172.18545972497668117
-61978.45736859520548023
113937.59019166551297531
61726.47480209726927569
69699.14463567100756336
-63777.67928598007711116
-97570.74355754611315206
-24156.10929336055414751
165819.78439234168035910
-527.67938328675518278
10509.08561308640855714
18919.83029651205652044
-23011.51614317747589666
-134213.49098333908477798
-13333.46881153393405839
5297.80982979673353839
180169.41056093579391018
42541.21806720242602751
6940.76534444785283995
65386.93479145098535810
30760.57308152700716164
-122165.18184792714600917
188496.07971446134615690
-24245.23693058959906921
-132595.81067858336609788
-124331.08111071158782579
-27431.12535750104507315
-33844.76694124010100495
26706.99814172750848229
73775.05815240288211498
31333.23712167965641129
38437.94665786061523249
58746.15406237724528182
17789.38911320881743450
-59938.98594512401905376
-103187.43487484026991297
-134799.16135362049681135
80040.88352933828718960
-96071.42000866158923600
-24864.85276812039955985
-31562.06308066943165613
-30551.88233516976470128
-45755.34896845353068784
-18752.19153569113768754
-108945.41812379073235206
44243.90235510610364145
-66490.29050157070741989
2683.22778952424414456
165281.76557797289569862
89040.11173359263921157
-157258.62045169324846938
67123.62072522898961324
-55955.82426913324161433
-105734.19001086452044547
-18960.62924338199445629
-68090.51840253159753047
62855.37160220608348027
77447.74241159326629713
-47944.74994735483778641
18625.41007765922768158
-94836.78074027533875778
-32554.08787376293548732
-30756.67745180796555360
-2418.41312216889127740
-102810.80110690134461038
-9558.61723594398790738
110569.11922447600227315
6043.53384987596655264
100876.94626676691405009
63129.05870708233851474
41481.50897635405999608
-60761.97223047623992898
-115428.53275883957394399
56386.53132348766666837
-54972.53955874302482698
8681.63520220780992531
98259.45907960948534310
32740.50752975763680297
-133142.93560949852690101
2947.66111754335724982
-4999.92929720813663153
12853.70040648009126016
26176.44143369385710685
55574.23473794143501436
-30300.08164247553213499
-39575.10860255554143805
-24212.92667249353326042
-43518.30614722728205379
162074.42494489287491888
-5231.69593706757586915
94365.48187024361686781
53758.73993797116418136
6618.16107015567104099
113890.63614275582949631
-218739.74443532846635208
75773.65053569484734908
-125195.76976532670960296
92161.76842949791171122
87491.36115080388844945
131327.51048436327255331
10418.81717048957943916
-129883.48602996615227312
36964.45643423785804771
-86467.46461062834714539
166069.79386569757480174
14301.04484070620674174
22687.21178089987370186
51819.17287435050820932
69082.06450487300753593
150653.83161329981521703
58610.64656947672483511
-24125.52699412605215912
21281.35409242108653416
-35183.50923538530332735
-27007.16390842256078031
57044.54443680004624184
-5954.96082438544908655
15403.00008421459642705
-134666.34952985442942008
-57305.01226824028708506
78991.34061864443356171
-19132.62800374527432723
84814.33117796857550275
111953.52831897708529141
-17392.76595870834717061
98245.11799050950503442
-22323.27059813657615450
-74417.10751127342518885
-62388.52982336072454927
59826.21142567364586284
-131.00509085586963920
-15336.27721837712306296
-47364.46202197374077514
-38763.98013021519000176
-145827.04854828168754466
-5439.76803198925335892
62680.70395742959954077
85259.15578005425049923
-13366.81498591403942555
86140.70543154240294825
-50129.48728464746818645
118117.75136855099117383
82305.39292455483519007
-54290.65741309981967788
8354.11311117891818867
984.43732187831938063
-24655.29231983365025371
106068.50475491286488250
-154942.05644349328940734
-93361.20249783876352012
8423.83331725847710914
24213.15082597311265999
31225.58370586369710509
42744.59054091598954983
124425.17082926961302292
-5862.79755264295090456
-114689.32074049169023056
-45403.39124120086489711
185855.10875915730139241
41656.55525453590962570
-76213.92514118319377303
-19841.18026730565907201
161048.91383132853661664
39625.65193666925188154
23287.30147315526119201
-70217.23368185394792818
63450.88279381894244580
-8254.24284251522476552
-74056.79579272709088400
7384.02627014963945840
-57553.95530618097109254
29068.37113757776023704
31530.71739235273344093
-40990.61315631628531264
36000.88545522540516686
55967.72072297507838812
82735.92585656623123214
-54357.78199571737786755
148647.87869990777107887
-16801.71010240723262541
-17211.13127981293655466
31306.46552912690094672
-4304.02442280161631061
130099.41844773179036565
54522.86907896002230700
66265.41252604810870253
169209.71566082254867069
-41833.64621176022774307
192568.56939909176435322
111758.77775283080700319
-54461.85221546588581987
56492.60148342707543634
6496.43394423459631071
13633.40855887632642407
18455.37103733031108277
-18759.53154859301139368
1225.76904435209871735
-121176.75453775271307677
9351.60294255946064368
12957.01226322546426672
-52400.33480782002880005
42453.25527154331939528
-104602.23945197960711084
-76886.71044773663743399
-14072.00699324622109998
56868.44777996603806969
-21867.54431591417232994
-3782.27713485204549215
-98270.70986586608341895
-5835.37027774083981058
-41200.87157499594468391
-28471.90292641291307518
41709.31669429354951717
36542.95837027375819162
74246.24869145033881068
-68188.19504273289931007
53833.20242238621722208
-124762.57654405868379399
-40035.30130797793390229
-25208.36803193720697891
-127426.85596762385102920
33546.25106286352820462
62072.20892944117804291
-13666.37567574569402495
-124094.93032327624678146
24724.28468704591796268
68540.68627564192865975
67900.88167511302162893
85100.74374841456301510
-62018.58060966039920459
-6944.86986780750885373
60880.44788719595089788
-65560.25892016052966937
-61633.00502050072827842
-11820.31602497443236643
28724.60519844196096528
-37580.65348146592441481
-18188.24557883287343429
-161382.58444556099129841
-87043.35364656655292492
-15763.06395731618249556
17778.50198088463366730
-26825.18535495649848599
15454.39836536018265178
85753.25545853181392886
22040.78999061306967633
43960.97756810795544880
-86016.75955019306275062
96367.60176836108439602
46488.21784524089889601
52714.92516637131484458
47398.69449004169291584
1898.37342676103799022
-36652.73769070001435466
-77790.74642163235694170
-20552.40326528557488928
32363.05610498414534959
-5862.44142713282417390
-58187.04828144613566110
-87482.04685431791585870
104917.36976186938409228
43140.72242415409709793
-34083.21293710619647754
-110374.41729888925328851
-1005.84946928808130906
-50288.90893966470321175
-41363.75295597922377056
20129.80310023119818652
123874.65927605643810239
9648.16549453449260909
120674.43665591833996587
-14095.21811648383300053
239738.85320697299903259
84537.65065687248716131
100655.02607776666991413
60512.59303697356517660
-14411.27933401550399140
29844.25643820875848178
-37787.99793847754335729
37353.02743673649820266
-70444.47982443854562007
131358.91091943354695104
16443.46837744362710509
-46716.81328724975173827
25494.31026662555814255
52718.97872957821527962
-24602.30200670846534194
54816.66114192449458642
62405.38615680122893536
44793.12829482398956316
151307.75125410442706198
2151.73896227397199254
18419.49051000307008508
11231.34225008018620429
-23079.07062412844970822
150506.34621674579102546
-18064.27622472119765007
-22052.40842476774196257
-37732.37806054520478938
-23257.54800934647937538
1439.05693701654672623
12994.14473309354070807
4139671.18598237587139010
-30291.58503893576562405
-30213.41574885959562380
-36723.36478686022746842
-67198.03868428536225110
179832.75637561973417178
-58987.38030096594593488
3007.66790512755687814
-20789.94467939359310549
46720.40869352516892832
110840.88930435091606341
-64537.74522375394008122
-79878.51741117512574419
41989.17510206277074758
5209.30878972505524871
-66225.52102788299089298
153555.78062640744610690
50878.28310391810373403
45515.27880535185977351
199912.59272625943413004
-44213.88919925210939255
107078.82657969956926536
208888.05374131721328013
112965.26164689808501862
42816.47122502001002431
35429.65273166721453890
139954.36805757568799891
21338.30869752177386545
6561.53927416632359382
28799.12246182933449745
-78396.34854178900422994
32436.94126438992680050
111760.72895480410079472
24843.20917293565435102
74230.51086085636052303
48753.52703534449392464
47935.80376272388093639
-82880.35440043803828303
131472.14542009937576950
-99933.69691788493946660
50379.77175526329665445
18571.96088706225054921
127639.12487851551850326
-85313.33135020159534179
73650.73367829325434286
-83852.18636709016573150
105273.61171112341980916
-36453.96603048111137468
47046.47456623087782646
41399.82637942050496349
-140688.25022990081924945
45798.93363599309668643
-22136.03991634430713020
-87025.17423258055350743
-90108.36923967969778460
30204.06716238575972966
2390.52212884406617377
-11893.38855411637632642
143544.02918288379441947
-16072.29920879221754149
-101044.38305827944714110
13401.80275828416051809
-111052.28463291346270125
-311691.33463843428762630
283477.20194290520157665
-21396.18511924777703825
-46683.21525334374746308
-91525.75654238750576042
-184624.79853972472483292
81301.26756754874077160
-77511.63221219101978932
-69431.65849157627962995
207624.02253542380640283
-34626.43445201111899223
55607.04859036779089365
24133.87257471825796529
101752.13225122709991410
-131020.06251024594530463
-18557.69606983169796877
93306.20874595516943373
-19399.23780420349430642
-27450.51116255001761601
-61711.69219669288577279
-27297.56041479306441033
-14888.58673487594569451
-43941.03981814481085166
18311.75684604047273751
-73845.51389163300336804
-63293.05729831161443144
-95980.40065126650733873
90407.91053469982580282
-74100.11015518833301030
113111.29993227872182615
8980.58304395541199483
45258.86367521285865223
12610.88485844693241233
33936.66943966539838584
56707.39942053468985250
121037.63934728484309744
-14843.42160350755148102
-62954.69339418577146716
17482.55730812011825037
40541.24646242008020636
39746.95510169029876124
58098.61855626261967700
29252.99884492655110080
64069.32600003555126023
52008.90541759361803997
67869.29746725178847555
-60862.49659827169671189
-26155.34361124220959027
-64029.49508805527875666
97989.74105045637406874
114543.33548604311363306
-35261.90913124951475766
-113768.07409560943779070
-45218.87441783890244551
45721.33132989300065674
72719.04107827195548452
-129550.20355651772115380
12735.02371273598691914
67765.59241136863420252
12935.41371349686232861
25305.73073584079975262
20169.94055957303498872
60442.49271592759760097
84002.44314617814961821
-346481.95007623871788383
484762.64456099702510983
-15898.43329846311826259
97276.94888384801743086
92365.84473044452897739
-98408.55421709784423001
-59326.37543578923941823
-18644.20248280748637626
-31298.08298995194490999
33921.35594795018550940
-35895.03065875802712981
-54830.23880340081814211
-72567.47938630032876972
-11289.36467559594893828
-72649.92667701165191829
-82081.64258795115165412
116447.04510496385046281
131118.45906320493668318
-54702.74739606383081991
47607.38468196941539645
-76962.69439553262782283
206079.71377991582266986
32348.71484526243875735
115065.04617123900970910
-45013.61390955954266246
29442.05332175507646753
25986.49578636702062795
-39061.33803612114570569
-172157.98731459735427052
-55742.76093315808975603
4900.92857223630198860
60019.85659001064777840
-5607.66239068504728493
22391.53058710704135592
-26917.91999467393543455
100730.89896537967433687
-102108.45532266252848785
105509.24665826863201801
-113073.41788067463494372
-123388.98731563420733437
113271.97339085146086290
120765.33288251727935858
82539.43300241499673575
-10908.88374322297750041
-126371.46234013783396222
-104855.94105613612919115
158481.48098869904060848
63313.51597225567820715
-16876.80753158104926115
160194.41909592371666804
-16079.35334321339905728
-94771.01051192061277106
4866.34510727220185800
33182.10415147137973690
91336.95995353252510540
-15237.38576885836664587
-118243.82274257118115202
-77980.04383089409384411
-77120.20924752169230487
35213.01803496939828619
53023.62112934765173122
-43578.01366429699555738
71198.13619493052829057
11925.58775010148383444
-124514.74757504585431889
169426.38868267898214981
71147.63143993401899934
-37044.07784675798029639
20334.69473416190885473
-6202.37715065776865231
-14164.84351951290591387
18055.39609642670257017
-61870.20099157573713455
-59203.43643543432699516
13807.04795236542122439
142758.12647851099609397
4045.31949043422355317
-116617.73403935375972651
-159343.86876672468497418
5299.56880111239297548
-108558.19506326669943519
-33430.13997886832657969
128939.37145219682133757
13398.68326825588155771
-83807.19231393848895095
50587.28096219808503520
-88456.06160356897453312
32149.01516067911870778
-135309.53838362853275612
5449.74602701629009971
-5261.17942242291428556
-50221.10484644706593826
-93598.75277908152202144
27788.39122251459048130
28793.29572838070453145
92020.27955433180613909
-180411.34166816959623247
130893.12058853832422756
-93836.00469108470133506
-8802.38574923046689946
999.76310896846553078
145532.26540409802692011
4471.10315675807942171
35979.80944458792509977
120410.32596192367782351
-111526.15056666903547011
66720.63919661258114502
-42343.50952331954613328
-175668.86247594869928434
20543.89989302691537887
-45890.58787690405733883
-71086.62677564342448022
-89581.43426310525683220
61180.42009663122007623
83264.56282152340281755
28503.67672021219186718
-64391.91576111662288895
-125695.92482898684102111
-33216.25485929578280775
-51989.61832427966874093
-226730.22805856051854789
-79489.30318570496456232
-119645.03357261938799638
53662.23527205130085349
90295.77541419089538977
-120592.16986660043767188
160374.72839989676140249
119964.06719449814409018
-625456.97490668715909123
799749.64797105221077800
-63273.70330362673848867
76192.90154132421594113
11941.04409387248597341
-10045.78871614774107002
-20248.92998066281143110
-107644.95645461758249439
-3408.09674351780267898
-94459.60074517266184557
-99894.08515792728576344
-87849.73906258490751497
119185.23886783732450567
-28106.39497606373333838
179818.44198644015705213
80736.33311420737300068
-46080.77317424263310386
86540.53624247742118314
85931.65829286543885246
-62671.03472409825189970
11083.93275281735986937
38393.00984582245291676
-24055.92388515977654606
-88823.77595766021113377
-54137.75619859616563190
118150.17338091961573809
46689.09903568896697834
68732.67810136199113913
-243104.80107560372562148
11327.19173235203925287
31975.57673530211468460
-92832.37522863138292450
-111311.60417696357762907
199601.67861636108136736
46079.75794500342453830
-30317.91463463395484723
-99197.61795696939225309
102970.87097588325559627
26603.77253185411973391
46464.42354194031941006
18747.15472582758229692
-48694.12234261607954977
115050.03309268891462125
-87981.39707562493276782
-127139.57517729492974468
-89611.68348202219931409
22726.97276586428779410
-113246.34920967300422490
-105149.43424397532362491
100290.72403402777854353
35674.66341541310976027
119748.61750009088427760
-147342.26313585360185243
-142079.34283848694758490
-24206.83951414829061832
133363.36045648192521185
14370.97844295404502191
105318.66556047875201330
133483.04670800594612956
-99327.10797801656008232
-24671.54857496824115515
20968.80984865266509587
-56078.89613437599473400
-67976.16460708373051602
-93500.20685371522267815
73074.16267154112574644
88272.21852164019946940
-27575.79815184417748242
80060.93296901250141673
14425.41729100797965657
-17303.90393722632143181
-89984.14640481500828173
-76699.80304680739936884
-38896.12877150185522623
-86609.50226486078463495
30855.34683653258616687
-46633.25271390819398221
30709.75506461165423389
-48760.58998570838593878
-3406.58201595777063631
-132283.92213673461810686
23190.73531247848586645
-133471.55109822360100225
5809.07133345949841896
-30081.81680011779099004
122395.64992114534834400
50575.55029359636682784
-75832.70127233550010715
-87031.92263244024070445
164529.07459796735201962
-16361.81062460920657031
19937.16287498436577152
114213.19530521980777849
-4735.21537949405683321
-66191.61660388061136473
-4272.80563307424745290
-78108.41511708119651303
94680.99579739979526494
-62406.77595237535570050
192450.87546348958858289
-128327.95310642212280072
43750.08432913210708648
-205208.78905813477467746
22773.70871744811302051
33793.43641663082235027
49650.14820175067870878
13896.41685522756597493
58746.46857680859829998
-69472.77121708287450019
34048.49928684414771851
-52602.14305767594487406
70207.24504445660568308
94716.10779109022405464
-7721.67839287290007633
-36342.58062397962930845
-82102.28071359366003890
18076.84953687510642339
-14309.91246644698185264
30436.73830205023477902
-39179.28048746217973530
-42728.68511576455784962
-57273.35221517524769297
-111286.75321169546805322
71433.88496501433837693
-16820.85279585122407298
160431.69263361010234803
-35244.86715995501435827
70385.94227926593157463
-325637.25861247652210295
390348.26145176414866000
-26469.32624730619136244
82386.81356869440060109
50967.16966913404758088
-69489.17387837673595641
-80846.80448182280815672
55938.56852167841861956
-129819.06620454424410127
109630.64525300325476564
-21720.08587684341910062
33573.98141970732103800
-54966.21527412656723754
-49110.10333561396691948
98819.61249272088753060
19660.53638263523316709
-6926.90249555724221864
70965.82541558802768122
-60632.31379797311092261
46290.09612847553216852
5466.73572786980003002
-202250.02429172288975678
-58951.27593820364563726
9736.35327720309942379
35307.86174952262081206
188566.00366045386181213
-62435.23915174676221795
-47571.60614412836730480
-338.77091496047432884
-33522.52602071795263328
-102909.35980781496618874
13364.39138476990774507
-77605.96494271440315060
-53931.11619772499398096
-46747.10131835898937425
-8824.48416222086234484
186072.41759538522455841
35072.99794353003380820
-18997.13611087694880553
34011.67995725775836036
-85658.40423899790039286
91787.56038819173409138
-84543.00335119561350439
-76520.02474457380594686
34565.84258235157903982
86594.40683460448053665
-129046.01076656099758111
-41711.20016182413382921
22943.31688183261212544
9774.04109123999660369
-48782.38944070847355761
91786.02074257793719880
-55596.11883458348893328
-156440.80758014798630029
-32098.99516101706831250
46535.71013379150826950
117213.49001080462767277
-14835.05509203542897012
63487.10664375136548188
6337.90606418216157181
-11745.10747059751338384
88620.92736732176854275
45236.70487289907759987
116787.14707773749250919
-238413.04890219372464344
260649.44827970070764422
40249.83325725326722022
-152772.61740609339904040
-11824.30840828655345831
53380.70299306318338495
-55239.21057711525645573
136209.26267687301151454
16699.49464690499007702
-615.99749569231062196
156625.17901803308632225
-110887.47986122652946506
-6999.42825140859349631
44343.37432739372889046
-53151.79241774101683404
147193.86561689950758591
-23557.41556610124825966
-57910.56164762447588146
-64429.56823372033250052
38604.90540974594478030
18387.55841342618805356
64033.11983632399642374
13951.36913923149040784
13286.76814559462945908
-139312.67984463399625383
-59885.60780949714535382
3156.54550404672045261
5071.83098305878957035
-119879.62364139466080815
37422.07020193035714328
120471.04978111226228066
-42712.92922067200561287
-159075.57312105878372677
37450.04635567845980404
-10996.41597235561494017
-51495.77378958264307585
-111817.35438732158218045
113162.19309883122332394
-28282.36336538873729296
80116.96271347980655264
-104308.65674434894754086
51551.62964549169555539
138542.81342443163157441
2362.40293180459411815
39636.66202647220052313
128529.58266507538792212
-150213.09417594602564350
1285.02632865518535255
93464.39379180650576018
33524.87206935969152255
-57032.54839151562919142
48181.64639431597606745
-147292.47025012399535626
97034.14600735486601479
-4232.45857888670434477
-65829.64146201827679761
-158601.82587503976537846
107207.26035297117778100
76046.68013454481842928
72220.48534353350987658
10611.60348397046618629
65780.66692627179145347
-72158.97469416672538500
38303.67460635968018323
-1298519.35143863083794713
