10423
9437
2400
6423
8814
6797
1910
8224
2622
8508
399
7977
7335
10131
425
2593
10361
8935
468
11181
6768
5391
11445
1422
4462
7053
67
1382
1344
5074
1259
8040
11195
1925
150
2497
3904
5076
333
1544
6178
2698
9553
9673
4203
3814
19
603
2057
10537
11803
2190
6234
203
4426
988
12010
4574
2551
101
10291
5208
9915
10947
6525
6713
479
918
3889
5079
2744
1727
7307
9446
10181
2598
8124
2982
942
5632
1587
3620
10635
12095
10083
6461
1338
2057
9936
3974
7173
708
7532
1095
690
3342
7428
4228
7125
8707
5470
6589
10350
1532
8666
7397
6418
4273
6853
5725
12068
8084
66
581
4858
4105
3242
912
820
11376
7451
3976
11420
2353
387
7307
5050
2165
9067
9593
6521
4012
9176
1530
11604
3899
9215
6325
9112
1049
10729
12002
9474
5978
8629
293
5630
9859
2131
9607
86
4830
7167
3725
6604
3612
1141
923
770
3748
8741
1993
10069
1709
3165
4994
5510
1955
9644
10460
7259
4984
9077
4945
1525
5615
9696
979
2546
4366
3518
4467
11686
9570
2445
10576
9387
1739
2047
4166
10009
4673
11195
10343
9438
6552
9868
2958
8134
11588
6462
9693
4015
11652
6700
8380
3158
9650
4044
2238
12284
6505
328
4693
1553
9347
7309
3788
8910
1344
7518
8322
6580
4116
1814
4894
6865
5527
8781
7706
8153
5275
4977
11998
5190
11695
11876
9058
9863
1645
3389
6057
7451
9424
8080
10825
7828
2303
4604
2153
3733
9867
10788
2530
6879
6777
9948
2093
9997
6045
535
6277
5095
11664
4195
2171
2293
2880
3000
11828
5889
9785
2122
6880
4262
11633
3788
5157
3289
8818
3074
6637
9305
248
5702
11520
2754
9333
10353
10377
7618
8502
5788
10957
7266
10166
4884
7367
11122
2410
7272
8666
550
9325
6892
7767
5301
3606
9914
10365
6211
11761
7197
8514
485
9699
2711
1304
11716
1776
1544
5236
10395
3117
5251
6007
7530
2291
6225
1492
10824
4252
4133
2410
8917
10442
6242
6329
12050
3290
12084
2997
1825
10467
8303
9604
1490
6585
2624
10158
10972
1612
4062
6089
1185
8906
6683
4520
7405
2564
5972
12188
3535
6392
10941
197
6518
11476
3491
1429
9158
27
8054
6484
3163
9005
1436
3324
12282
5797
7159
3573
6367
6552
8342
4490
6539
7794
6670
342
4500
7532
9560
5443
1604
12025
11752
3639
6878
1589
2338
3366
10900
4979
12037
9521
10017
5952
5711
4997
10180
7834
4464
687
6611
4286
2661
9216
3148
4485
9995
10376
264
5789
11985
10172
5276
8873
3805
4131
7361
1061
10830
7641
4736
8656
2164
8300
6170
2123
3106
5050
1650
10861
8496
8515
2885
11081
1858
644
3134
10557
5077
9173
1033
1235
1696
1848
9225
1091
10392
1548
2621
1687
5795
8731
2412
402
11809
11526
9720
1935
2950
11479
10729
2799
823
5457
11913
1696
7776
6211
8604
975
4724
6336
4113
9276
9132
199
10427
8946
8687
3162
5139
3409
5044
4898
11897
1540
1202
3542
10599
5222
9624
8062
4822
12224
1369
5785
1306
12131
111
3638
11726
11221
5353
1041
3215
5495
9611
1203
5234
11843
8595
7501
1970
3514
7373
6241
5794
7537
2506
4033
8134
7038
4747
6165
877
10950
3213
10203
4547
2697
5009
521
3109
120
5274
9786
11524
437
858
7690
2871
1491
10953
11236
2379
9016
484
3899
2562
7110
11055
524
1032
647
5675
8271
7465
5712
3393
7426
9604
5421
5312
925
9513
10117
4454
9592
3985
4163
10009
1770
974
8943
8355
10313
10758
9787
2376
6182
4903
4575
8089
9392
8806
3685
4528
2583
10423
3874
699
11258
9225
4159
2782
11857
10608
2673
2219
10700
11978
6160
7023
9435
5284
10571
2227
9713
2205
296
11011
6469
493
2089
988
2733
5228
9499
11520
11155
950
7315
465
8454
5901
9281
27
10115
2342
1321
6713
4619
291
1745
1302
9976
7121
7810
6896
7341
10891
3005
10701
1107
8553
5515
1975
5192
9291
3539
3047
5991
1780
11798
6009
2638
7598
9416
6952
9464
7108
9995
5089
1196
1674
8547
11628
738
7386
47
6405
1958
8260
1061
9264
747
555
3148
2894
11038
4230
6616
8428
11379
3939
6384
1909
4641
11185
9877
11278
9715
5417
670
6006
6786
280
9375
3699
9696
2377
6354
190
2501
1424
11836
911
8750
7887
10469
7813
8020
7791
5617
11291
7601
2696
913
7026
11532
5008
5920
6030
3997
8463
1682
11348
12054
8941
3820
7485
12163
7067
9621
10605
9564
7638
6481
452
5053
7385
5773
474
9984
8216
7316
5561
10878
4515
9484
5956
11401
11869
7094
6371
7344
8311
2308
376
6701
7469
9966
4722
1147
7995
10308
789
1134
3923
11663
12127
6616
8898
5686
4770
2931
5699
11984
2841
8721
4102
9617
1052
4278
1106
10026
2295
1861
6353
8796
1782
6053
8422
5031
2080
6068
8375
8755
197
7242
6967
2476
3642
9812
3701
1386
5090
1171
7689
10888
3523
7962
8838
1949
1066
11978
1878
10910
2337
2683
4733
4719
5063
9028
5371
9381
4687
1865
9735
1376
4259
9172
11411
9120
9231
6024
6580
9472
7986
7771
319
3662
3430
292
6800
11124
1168
6808
5758
10754
5005
8013
8910
8001
11065
3635
7024
8393
9444
9778
1024
1638
3064
2721
4737
9632
63
11892
6701
194
10918
4944
7646
10223
11960
3080
7992
6364
7749
8196
2494
11230
10450
5189
7451
6087
11614
5269
7464
1783
125
986
10100
8072
5578
6919
10018
10084
684
8552
3861
10580
10359
6758
11958
2177
7734
6983
11347
12157
2277
5040
3300
1506
5119
7421
11816
9910
9472
231
5410
6334
1493
11282
4003
3045
5389
11645
3275
3957
5911
1271
11898
7997
3318
4976
206
963
1928
3441
9197
5563
2845
494
2030
10682
11274
12202
8532
4209
9773
2669
9636
10421
8975
10997
11939
11050
3298
3800
245
8445
6503
5788
11329
5056
333
7073
5909
8539
4632
9636
9818
1471
1824
2735
6379
9855
6321
6170
5112
6032
3341
417
268
5011
8698
5042
8341
12032
7259
1774
8227
995
3467
11962
11944
6898
5615
7823
11766
9503
8561
11051
6325
7184
6996
8415
5562
3491
