12264
12177
12177
12225
12099
15
337
12057
12207
12193
12191
12203
12147
106
90
12208
11856
12255
12161
12257
120
120
181
12281
12261
4
182
85
262
125
307
12082
126
12214
115
53
12180
12225
12221
202
36
12248
12103
12287
131
158
12271
41
72
38
52
12087
12060
12237
12224
0
12241
85
188
12223
54
12138
191
36
12045
124
12122
12054
12104
96
12237
56
105
12084
12161
207
12131
92
12284
60
71
212
12280
12249
291
91
189
12035
69
12135
12062
260
173
12210
186
12281
257
12267
12124
11996
12282
12166
46
11822
12102
12166
12216
240
206
12260
12019
45
0
179
224
12240
12036
376
12003
12046
12213
11961
12180
64
12180
12171
12107
86
550
11978
12116
12113
11997
12230
11883
12176
12205
12094
12250
79
11979
137
12232
61
12179
12288
12170
12133
12274
12252
48
59
12150
12054
191
12133
12203
12134
12138
41
11970
12288
234
156
12048
12194
385
429
233
112
12104
129
12189
149
135
12068
50
43
12241
12096
194
11928
170
12212
202
12239
12138
12206
12183
12028
12045
12195
58
132
12130
12099
12184
12030
12121
12162
16
444
109
12280
2
405
12084
12193
12132
12139
151
302
12248
12206
12083
59
50
6
12183
38
12271
12201
12256
12108
12243
20
19
34
104
12010
81
89
12199
134
194
127
12234
12262
12248
12269
12213
22
265
12249
46
6
12094
12007
12164
12256
12131
12095
32
17
12026
207
63
12240
12145
12042
38
12168
12070
12132
122
23
229
12251
75
184
12110
12186
149
12088
12124
309
12225
12188
345
12204
145
263
467
92
12283
12209
12269
97
11989
224
180
12181
121
143
11963
203
12225
12040
145
12177
12244
12087
36
97
12084
12259
12154
227
12090
64
56
12198
208
253
128
12138
12259
74
194
12275
12148
223
12040
12235
11847
17
275
12243
133
62
175
12190
35
73
12036
12059
42
21
65
12150
12285
12131
85
103
55
187
43
146
12250
12276
2
360
12177
8
7
17
12217
145
149
12049
58
12175
12089
12180
143
197
279
44
12080
320
338
12243
12206
12188
89
168
54
12262
12019
12277
11966
12279
12279
12183
46
211
12231
12208
188
12045
12202
12234
12085
226
21
12176
11946
206
12104
96
12196
12131
12148
29
12176
12276
78
12117
11888
13
12084
175
40
12131
126
99
12058
287
12260
12212
12062
12182
12233
12197
66
12184
12227
12090
12158
12188
12251
139
11
12140
11967
84
33
12267
50
280
12223
12005
78
12093
211
12280
169
30
29
145
350
146
189
231
12208
12273
12102
298
12106
12034
309
12288
12231
356
12141
12240
12070
12132
12274
38
32
227
12286
101
307
12231
180
12251
12097
12040
226
67
61
33
1
293
182
12213
139
12250
12195
12243
12029
12203
12160
206
12044
99
12285
25
11
12006
12151
12262
38
12179
12287
12144
208
12238
12071
12189
12257
33
144
12147
3
12200
12259
0
232
12166
175
12082
184
167
211
8
130
392
137
122
85
12113
34
12257
12265
11995
12047
12078
18
11853
12037
20
104
11757
76
12279
12251
12082
12132
12209
12196
293
186
83
204
5
12273
12278
317
189
12113
11829
164
36
12182
12073
198
11986
241
269
31
238
211
12183
12164
12229
16
159
324
42
81
12087
12172
347
24
128
103
12204
11982
80
12
12230
170
12199
88
113
12277
126
95
12088
12224
12279
12064
11955
86
138
72
343
81
12208
12072
12213
240
12095
12147
239
242
12113
12186
12205
12106
12155
12248
104
12274
12061
182
12032
12239
12250
12264
12288
237
12182
124
12155
249
12208
128
12231
12274
12146
12053
420
12058
84
11975
12262
11943
12130
238
12170
12000
150
85
36
12261
12219
82
128
12288
12150
12210
74
12084
47
87
227
151
11819
213
116
11943
12170
29
18
7
12048
12089
12024
82
12190
24
121
114
138
402
278
12271
160
12235
141
107
42
12215
12130
12234
2
24
171
147
148
84
11
12051
88
12237
12071
12183
12241
12057
12236
12112
12202
12225
275
430
12175
12140
12254
131
385
72
179
136
12282
253
65
12288
12164
12003
29
12201
12225
292
12170
266
80
277
167
12083
208
12132
90
12186
71
5
12083
12259
12148
236
158
231
246
12065
12144
306
169
12216
156
12109
12277
11963
12241
9
12041
12209
12120
147
12026
12150
12130
22
287
11974
12243
12165
12231
214
12274
12236
12037
232
11913
12148
134
59
12163
12068
12159
11945
11
11961
12239
39
12056
12265
28
12165
146
12069
12205
68
53
301
12211
12182
84
110
12229
12136
93
59
12080
12115
7
12277
12158
12137
12265
12126
182
12239
70
12035
11892
11
306
12076
53
12286
133
349
169
87
49
139
12262
12076
304
110
12235
67
12256
104
76
172
246
12265
122
12196
96
46
119
12104
276
216
12111
12244
88
58
374
12249
51
12202
11918
11864
12218
12082
12071
162
12153
296
89
114
12159
12245
77
12105
11915
12263
12231
12108
183
121
32
325
82
44
156
493
204
12156
227
12085
12287
133
12160
281
181
365
29
12159
122
12199
186
12257
12143
12258
12162
8
11949
12212
12171
12165
62
12013
12237
12255
319
12266
35
89
108
6
12181
12172
166
137
12280
12145
12046
12063
12019
169
102
129
113
59
12010
12086
89
12037
12262
138
44
53
12173
42
90
107
75
12254
49
496
41
16
6
12269
12176
249
12055
302
12229
12248
12219
32
30
12246
130
12112
12272
131
12149
12204
12174
12144
104
151
268
76
12078
160
12164
12156
303
0
12234
289
12148
158
12240
12124
12246
12199
12163
12190
12233
113
139
12242
141
12203
12053
11899
211
137
11972
12007
12144
65
12151
23
260
12239
12131
38
55
67
86
12179
44
