11492
1320
1561
5512
11922
123
6356
11214
12150
3853
1379
11197
6438
7294
3538
10093
4235
6253
4589
2188
11943
5822
9515
348
7974
11741
9780
998
4954
38
869
10537
6258
2457
8110
3300
5718
11422
4308
699
8832
937
8656
2072
11510
9098
3393
8479
8340
5759
11262
9848
2451
4183
9677
5168
11291
9205
9874
5749
565
8841
8848
1916
7092
921
2945
3584
1906
1359
2816
4381
9453
5396
4931
4763
90
2984
9411
7146
5559
3290
10699
11171
9527
9944
2647
4398
1545
1627
10795
940
48
7813
1689
7117
4275
10326
7277
12028
5527
2983
8197
1893
11643
5102
4538
809
180
3901
12109
730
5148
2470
21
9642
10116
6290
6053
5313
11129
10791
6831
394
7818
1759
2811
2310
757
3086
8431
4732
7723
6154
1976
3399
7737
505
11647
549
3917
1317
4972
10455
5088
8384
10019
11982
5601
6707
3291
8937
10136
9301
6792
1878
234
5140
2202
8078
6344
8219
10510
5030
11339
11969
2625
6669
9174
4094
8195
5277
2726
2890
8127
10298
6534
305
5959
6950
6377
12031
7106
9778
12214
518
11520
12225
2943
11361
9479
1832
11721
2187
6354
10207
11472
11542
6017
8887
5907
3093
10252
8646
2198
4959
9460
11544
5985
3195
10370
2249
11141
11263
181
6798
2476
3841
1717
1193
764
671
4920
8154
2952
4161
2754
10468
2497
7104
5657
4370
11030
2412
6537
6687
5229
10598
7682
3154
11720
11319
6885
2409
2296
11009
10720
3565
8761
6716
9959
3772
4424
7138
7160
6302
1604
2334
9842
4143
11579
5834
9995
1598
5513
9623
10052
10022
9855
11449
7657
2380
6294
10515
794
9837
12116
9130
4773
6971
11301
678
7933
10836
7174
11690
3232
8134
7537
2315
3644
4406
9140
4465
7687
1395
6221
9104
3440
12091
10261
11192
6258
12251
4227
4035
8057
11938
10569
11805
3213
1206
1060
1760
10751
11134
2741
11475
759
9052
12076
11882
1098
6757
3418
2452
8039
7507
1824
9405
4392
11395
6767
2423
9617
6093
2710
8564
12255
161
7575
2460
5295
1519
11700
10843
6913
4504
2990
892
5159
3524
9874
4778
9131
381
5888
11189
9463
10862
9763
9688
12009
5956
11929
7153
10085
4032
3188
3966
5926
4743
10216
1826
3642
7954
12148
1885
4942
12174
9233
9747
11619
991
11958
10684
7946
524
3004
7822
12113
5687
369
8568
7980
623
10052
811
3958
6582
4604
7120
6343
6073
11755
11472
3164
3553
9028
7726
7455
11284
11652
5507
7134
6256
2439
6225
4523
916
7126
2486
8790
9277
8434
3401
1818
9275
8814
4711
4756
10686
1590
5610
9606
5082
6306
757
9562
4386
4959
6793
4756
7490
1988
8285
1632
10289
2506
8507
7786
6688
5057
5810
9795
2303
1853
1966
5232
92
12283
3436
8994
2460
5823
122
890
2430
7543
10567
6541
9410
7227
8985
737
5331
6814
5504
5477
6556
4493
1508
5709
7667
6906
10751
1778
6233
4461
11568
3418
3139
6004
2239
8342
5260
8595
5061
4792
10237
7032
9720
641
1312
7595
7158
1548
8766
2331
10639
2882
5895
3170
6419
2186
4401
7405
11548
2041
3563
7869
8574
574
8360
5443
280
231
8544
345
9820
5513
2985
4126
8390
9823
11713
6704
12169
9064
835
5480
7458
9414
3571
653
5108
7390
5013
508
8197
11254
6158
7412
6591
4806
9176
1129
12056
2235
379
2082
8876
5740
2655
11528
9072
3325
1732
9633
10716
1171
4263
10420
298
4977
10517
11010
2590
11090
8548
5516
2785
763
155
10521
11613
9112
10369
10635
4286
10911
10513
10135
7266
700
1564
7711
9349
8151
8764
5067
2184
4842
10202
11594
10464
78
228
3931
8770
12157
10508
4443
171
6420
7303
2338
9645
10442
2546
533
821
6690
7193
3215
7688
3484
6692
7912
1351
8415
3486
1378
4060
7736
11847
7533
9197
9857
7872
8736
5090
8982
11609
823
8307
6240
9770
12208
9687
8837
2131
12041
6853
1775
172
10087
4433
9730
3051
1907
855
3168
1502
8183
1542
6098
12103
4849
9524
3609
7643
11040
6404
10667
1630
2690
3192
9958
1587
9218
1550
12102
5988
8066
6110
1488
4783
6158
10792
3328
901
5054
2380
9596
4121
1182
10173
8259
464
177
11512
5581
3573
1429
627
7914
1799
4071
5384
11890
11251
2311
2456
9943
8503
10538
10601
3900
2627
7782
5209
10505
10072
9511
4481
53
12105
1317
11093
6262
10126
153
4620
9804
1310
68
3210
6118
4051
10406
7866
1017
4044
3769
7345
9864
10339
10951
8315
6440
5216
11847
10641
4599
3321
4799
4474
225
3336
1590
6827
4372
8272
6734
1238
293
8369
11618
5520
2378
708
1922
11379
7251
4577
3693
832
5559
10925
7093
922
2231
7170
2511
11131
3496
5464
3636
10587
9401
912
6492
8901
10255
10861
2328
10562
5172
2708
11883
6630
6467
11827
6641
6567
4557
1519
1513
9126
6394
9959
554
2693
7799
11204
2391
88
8387
7875
7651
8543
11245
6633
6758
1961
5310
12254
11641
8336
735
3976
12096
5251
7878
10621
10280
5526
7229
2150
2606
12063
10651
9521
11708
5053
9282
3522
2349
6077
4510
4201
8961
5341
1088
248
5377
214
5912
8272
2534
6707
3606
12108
5703
11392
7421
3018
3727
5110
1671
1190
5287
10875
9908
7557
4116
6646
10560
6725
5712
1154
10091
10161
1599
7196
1592
283
8006
7097
10927
3877
2412
10590
11284
9469
9339
5903
9074
10551
2614
11707
3457
10210
3796
1310
11709
1394
11820
818
4960
10681
3196
9821
4001
9982
6811
5018
1963
5488
3414
4730
3311
6220
1058
3465
4900
11893
770
9906
5699
239
10322
3999
9170
10017
1202
11915
3233
4808
6456
11196
2223
4685
7790
961
6241
4848
7029
10900
1894
1714
2326
9489
8831
4
5012
6727
147
5823
10290
6414
7012
4157
9964
10775
203
8164
2177
8545
11310
1669
6285
8432
4768
9409
4958
2897
8583
5970
3593
2482
5450
1536
3391
9221
351
9235
10263
12119
10062
6816
6390
5368
8312
3218
361
482
7917
11644
11478
9461
10589
7098
11205
4487
9114
9480
684
4340
8054
11083
293
8006
3882
8562
11492
6544
8267
2084
10502
9798
11364
4660
