9232
5534
556
5734
1306
4056
4600
4293
6217
6046
335
8128
2357
6802
5507
8972
1506
4415
10291
11041
203
6862
10616
9817
5540
12287
7175
12252
10375
5997
7767
12201
6927
3939
4146
1264
1291
7090
8620
9347
6042
6048
2736
292
1018
5651
5570
11522
7699
5274
3422
9309
10482
551
5501
8374
10335
7344
6263
7686
11327
11212
11527
6716
1542
11976
10301
4408
7241
8915
2351
2156
6737
6354
2819
8923
2230
8241
3974
11574
50
8669
67
9391
7374
5808
8903
4776
11520
3568
10764
6810
1301
5639
4268
12055
956
4271
11083
9407
5265
2844
9745
3168
4990
175
692
8621
8483
6384
2231
2027
7890
2721
9890
689
9271
4348
4419
3776
6133
6766
11485
7977
6884
2957
3775
3493
10874
11295
7971
7531
5897
577
5496
5197
7601
9683
926
1203
7179
9099
10809
7876
11822
11141
11534
4532
7595
3755
6007
3140
6528
610
4748
10193
2020
11925
687
11900
1099
5104
8755
8889
1590
5198
389
1321
6991
5313
1832
8551
10545
922
4671
7745
2807
6968
3344
11950
986
7182
1580
11447
2142
566
9455
9983
8754
12104
5754
11537
7498
8716
2930
168
4365
8631
257
8743
11032
11152
4940
2478
1704
1603
6898
3153
3213
8479
784
2142
10875
1087
3123
8974
2837
6861
9707
10020
2219
1876
5966
6930
9637
98
9655
12071
6687
8390
9598
2986
4989
10732
4851
6791
5124
1737
9871
11138
7209
1346
783
10787
8991
2371
5136
8681
1588
8426
9267
3727
6928
4835
9650
11134
9867
11161
6310
10177
1063
7992
2814
9720
3798
6555
6649
1852
6621
4441
5617
7607
3303
11543
3321
2115
1935
6577
3413
1607
4257
9355
10565
2404
7487
1891
3476
4594
8054
10335
4095
3636
7400
1736
8937
6500
1358
10916
942
2333
8328
5118
9317
1342
3685
1820
6413
4060
3193
2421
1127
1743
9042
9822
2592
5387
11233
7370
3809
5618
7687
8814
692
11009
5163
5760
9454
5753
3761
11431
8552
8377
7774
995
4283
2475
4980
2503
10379
2647
6893
3197
7819
7860
1454
8922
8237
5834
2525
2677
4702
9552
5085
9089
5261
2291
12007
7884
8147
6369
4518
4053
11085
867
2884
9192
11250
770
4174
3549
10624
6239
10125
2285
4505
5394
10492
964
1984
3630
10691
5876
6880
8051
2928
5458
388
8588
3712
9946
5772
2468
12243
6993
10180
10704
9664
10432
3167
12246
4183
7699
10225
11713
12217
4704
7191
7474
7402
8375
2951
9527
2640
11300
1691
2242
10653
4509
5803
1852
5435
9273
9472
6168
5554
12022
7940
2271
10001
5997
1144
340
277
5146
6542
6731
6847
10248
1063
8163
2657
2776
9427
1566
10003
5131
1604
9682
5402
11205
132
8662
2004
12064
8751
5509
8798
5731
9992
4907
11558
1453
3596
10800
2095
6146
5423
6995
7356
3461
5632
11817
1518
6796
11557
5489
9706
5456
1676
242
11738
10706
6848
1840
11773
5704
3992
10307
793
2146
5875
43
10467
9347
633
374
8076
11236
11250
7854
8200
970
9994
9788
715
4266
4191
12244
5550
7101
632
10299
481
9852
7363
11626
4006
3956
5505
7600
11277
4562
12125
3127
1248
7165
1472
11148
5592
157
2830
10304
10335
8390
10572
4954
9303
6155
10159
7567
7761
500
9809
3561
6562
709
1621
1212
1025
4400
8389
387
6221
11238
5649
8207
2375
6279
2547
4907
3220
1730
3558
887
6349
8403
5676
2280
8030
9171
2192
5728
10105
1724
6603
11475
2250
9364
3827
7383
9671
5251
11472
3959
4176
4269
3565
10413
6146
10944
3105
7661
5139
5084
521
3312
10765
8224
10347
6810
304
12103
2786
1907
1078
146
5582
8966
9636
347
8047
2541
3168
6958
11160
397
8617
2555
7791
7455
2071
10582
7967
3091
3094
6419
3488
427
8239
1279
944
2740
7423
683
4212
2031
1420
7860
10645
7074
6258
7634
5991
9501
7061
9442
1218
547
11733
5416
4203
2917
8869
8307
10856
1824
7585
2140
11266
7918
5402
5978
857
1352
8672
9013
9484
10443
830
4008
661
11539
6394
4525
12271
118
3350
11134
8273
1659
10445
7364
9028
3115
5681
2082
8998
10982
4198
10595
2691
5139
11295
3345
8502
2964
4693
11494
10656
12058
9456
6846
4787
8926
4327
8196
11071
894
11883
11888
10478
3955
8245
8498
5819
11104
10349
7675
10788
6443
12203
54
3538
5175
947
6159
4068
7206
7798
2338
8489
11583
1169
10512
1626
7836
5869
6610
397
7527
7765
4862
53
1921
1821
7370
3017
12186
11359
1125
11510
7854
4209
1216
2807
10259
2208
6027
9326
1992
11680
6575
8697
11305
948
11819
58
1799
11696
5352
4334
3972
11865
5330
7359
10203
11242
11467
8109
5279
1772
11601
2086
8581
6210
5855
882
4999
7179
1353
793
7742
3937
700
4298
7559
9685
5336
1368
6810
9337
7149
2147
2306
4810
2932
7811
3590
9808
9901
4233
2797
2476
74
6068
1650
1999
8464
1087
9735
211
10144
6185
5044
11090
2807
6203
2380
9168
9029
10107
3328
2684
990
6533
9964
9652
402
6640
11591
11136
1796
12090
7873
5583
1760
5105
9833
11461
9242
4236
7911
3031
4280
4227
12170
12054
7046
4045
4695
5980
7993
10830
3277
6800
2272
1366
9401
9418
4134
10739
11533
3805
1727
4074
7967
10923
4581
5324
7763
9400
7607
2770
566
4120
227
2782
10021
4685
10804
1389
11114
2531
4737
11757
9519
2219
1649
6208
4303
6308
2168
11512
12279
10268
4466
501
4957
9742
10629
4586
4628
1392
8678
5836
11748
7040
9798
4155
7543
3357
2334
11225
11941
9874
161
2932
6335
4339
3159
8110
5160
1024
7586
9618
900
3150
8175
4591
11959
5694
5579
1436
9008
7624
5095
4840
8390
65
9030
9283
7573
7317
637
1967
9253
1249
2878
3065
7880
9345
1279
7033
5133
8999
1113
5687
7156
3815
1361
478
8138
4234
2009
4603
49
10525
1253
8714
12095
618
9203
2291
3290
11308
3203
8270
9497
2436
2945
5282
2553
2349
5563
10680
8957
9653
7129
7940
2942
3737
12096
7324
2000
9386
10218
5562
11524
8134
3326
8570
7238
10785
5647
4290
812
7317
7919
11884
4312
4672
4237
8040
7760
